player_fall_1
1
-77.6417
-96.3571
153.267
345.829
player_fall_1
4
-76.3519
-96.7132
150.694
192.419
player_fall_2
1
-77.6417
-96.3571
153.267
345.829
player_fall_2
4
-76.3519
-96.7132
150.694
192.419
player_fall_3
1
-77.6417
-96.3571
153.267
345.829
player_fall_3
4
-76.3519
-96.7132
150.694
192.419
player_idleAttack_1
1
-68.5667
-26.3714
160.325
275.857
player_idleAttack_1
4
-65.3009
-24.1783
125.579
254.88
player_idleAttack_2
1
-68.5667
-26.3714
160.325
275.857
player_idleAttack_2
4
-65.3009
-24.1783
125.579
254.88
player_idleAttack_3
1
-68.5667
-26.3714
160.325
275.857
player_idleAttack_3
4
-65.3009
-24.1783
125.579
254.88
player_idleAttack_4
1
-68.5667
-26.3714
160.325
275.857
player_idleAttack_4
4
-65.3009
-24.1783
125.579
254.88
player_idleAttack_4
3
14.0648
-45.3343
188.87
99.7355
player_idleAttack_5
1
-68.5667
-26.3714
160.325
275.857
player_idleAttack_5
4
-65.3009
-24.1783
125.579
254.88
player_idleAttack_6
1
-68.5667
-26.3714
160.325
275.857
player_idleAttack_6
4
-65.3009
-24.1783
125.579
254.88
player_idleAttack_6
3
3.01393
-112.832
158.731
206.523
player_idleAttack_7
1
-68.5667
-26.3714
160.325
275.857
player_idleAttack_7
4
-65.3009
-24.1783
125.579
254.88
player_idleAttack_8
1
-68.5667
-26.3714
160.325
275.857
player_idle_1
1
-68.5667
-61.8714
141.167
311.343
player_idle_1
4
-67.3102
-61.4532
136.63
307.266
player_idle_10
1
-68.5667
-61.8714
141.167
311.343
player_idle_10
4
-67.3102
-61.4532
136.63
307.266
player_idle_11
1
-68.5667
-61.8714
141.167
311.343
player_idle_11
4
-67.3102
-61.4532
136.63
307.266
player_idle_12
1
-68.5667
-61.8714
141.167
311.343
player_idle_12
4
-67.3102
-61.4532
136.63
307.266
player_idle_13
1
-68.5667
-61.8714
141.167
311.343
player_idle_13
4
-67.3102
-61.4532
136.63
307.266
player_idle_14
1
-68.5667
-61.8714
141.167
311.343
player_idle_14
4
-67.3102
-61.4532
136.63
307.266
player_idle_15
1
-68.5667
-61.8714
141.167
311.343
player_idle_15
4
-67.3102
-61.4532
136.63
307.266
player_idle_16
1
-68.5667
-61.8714
141.167
311.343
player_idle_16
4
-67.3102
-61.4532
136.63
307.266
player_idle_17
1
-68.5667
-61.8714
141.167
311.343
player_idle_17
4
-67.3102
-61.4532
136.63
307.266
player_idle_18
1
-68.5667
-61.8714
141.167
311.343
player_idle_18
4
-67.3102
-61.4532
136.63
307.266
player_idle_19
1
-68.5667
-61.8714
141.167
311.343
player_idle_19
4
-67.3102
-61.4532
136.63
307.266
player_idle_2
1
-68.5667
-61.8714
141.167
311.343
player_idle_2
4
-67.3102
-61.4532
136.63
307.266
player_idle_20
1
-68.5667
-61.8714
141.167
311.343
player_idle_20
4
-67.3102
-61.4532
136.63
307.266
player_idle_21
1
-68.5667
-61.8714
141.167
311.343
player_idle_21
4
-67.3102
-61.4532
136.63
307.266
player_idle_22
1
-68.5667
-61.8714
141.167
311.343
player_idle_22
4
-67.3102
-61.4532
136.63
307.266
player_idle_23
1
-68.5667
-61.8714
141.167
311.343
player_idle_23
4
-67.3102
-61.4532
136.63
307.266
player_idle_24
1
-68.5667
-61.8714
141.167
311.343
player_idle_24
4
-67.3102
-61.4532
136.63
307.266
player_idle_3
1
-68.5667
-61.8714
141.167
311.343
player_idle_3
4
-67.3102
-61.4532
136.63
307.266
player_idle_4
1
-68.5667
-61.8714
141.167
311.343
player_idle_4
4
-67.3102
-61.4532
136.63
307.266
player_idle_5
1
-68.5667
-61.8714
141.167
311.343
player_idle_5
4
-67.3102
-61.4532
136.63
307.266
player_idle_6
1
-68.5667
-61.8714
141.167
311.343
player_idle_6
4
-67.3102
-61.4532
136.63
307.266
player_idle_7
1
-68.5667
-61.8714
141.167
311.343
player_idle_7
4
-67.3102
-61.4532
136.63
307.266
player_idle_8
1
-68.5667
-61.8714
141.167
311.343
player_idle_8
4
-67.3102
-61.4532
136.63
307.266
player_idle_9
1
-68.5667
-61.8714
141.167
311.343
player_idle_9
4
-67.3102
-61.4532
136.63
307.266
player_inkArmAttack_1
1
-77.6417
-11.1571
139.15
260.643
player_inkArmAttack_1
4
-74.3426
-7.05201
131.606
251.857
player_inkArmAttack_2
1
-77.6417
-11.1571
139.15
260.643
player_inkArmAttack_2
4
-74.3426
-7.05201
131.606
251.857
player_inkArmAttack_3
1
-77.6417
-11.1571
139.15
260.643
player_inkArmAttack_3
4
-74.3426
-7.05201
131.606
251.857
player_inkArmAttack_4
1
-77.6417
-11.1571
139.15
260.643
player_inkArmAttack_4
4
-74.3426
-7.05201
131.606
251.857
player_inkArmAttack_5
1
-77.6417
-11.1571
139.15
260.643
player_inkArmAttack_5
4
-74.3426
-7.05201
131.606
251.857
player_inkArmAttack_5
3
18.0833
28.208
171.792
41.3046
player_inkArmAttack_6
1
-77.6417
-11.1571
139.15
260.643
player_inkArmAttack_6
4
-74.3426
-7.05201
131.606
251.857
player_inkArmAttack_6
3
23.1064
31.2303
167.773
44.3269
player_inkArmAttack_7
1
-77.6417
-11.1571
139.15
260.643
player_inkArmAttack_7
4
-74.3426
-7.05201
131.606
251.857
player_inkArmAttack_7
3
17.0787
34.2526
174.806
35.26
player_inkArmAttack_8
1
-77.6417
-11.1571
139.15
260.643
player_inkArmAttack_8
4
-74.3426
-7.05201
131.606
251.857
player_inkArmAttack_8
3
32.1481
6.04458
212.982
58.4309
player_inkArmAttack_9
1
-77.6417
-11.1571
139.15
260.643
player_inkArmAttack_9
4
-74.3426
-7.05201
131.606
251.857
player_inkArmAttack_9
3
24.1112
8.05944
224.032
54.4012
player_jumpAttack_1
1
-112.933
-99.4
172.425
207.929
player_jumpAttack_1
4
-107.892
-96.3571
162.342
199.814
player_jumpAttack_2
1
-112.933
-99.4
172.425
207.929
player_jumpAttack_2
4
-107.892
-96.3571
162.342
199.814
player_jumpAttack_3
1
-112.933
-99.4
172.425
207.929
player_jumpAttack_3
4
-107.892
-96.3571
162.342
199.814
player_jumpAttack_3
3
-14.1167
-166.343
189.567
116.643
player_jumpAttack_4
1
-112.933
-99.4
172.425
207.929
player_jumpAttack_4
4
-107.892
-96.3571
162.342
199.814
player_jumpAttack_5
1
-112.933
-99.4
172.425
207.929
player_jumpAttack_5
4
-107.892
-96.3571
162.342
199.814
player_jumpAttack_6
1
-112.933
-99.4
172.425
207.929
player_jumpAttack_6
4
-107.892
-96.3571
162.342
199.814
player_jumpAttack_6
3
19.1583
-67.9571
85.7083
81.1429
player_jump_1
1
-76.6333
-21.5286
139.15
271.214
player_jump_1
4
-68.3148
8.05944
126.583
229.694
player_jump_2
1
-76.6333
-108.529
139.15
358.214
player_jump_2
4
-74.3426
-101.75
131.606
347.563
player_jump_3
1
-76.6333
-108.529
139.15
358.214
player_jump_3
4
-76.3519
-101.75
135.625
252.865
player_jump_4
1
-76.6333
-108.529
139.15
358.214
player_jump_4
4
-75.3472
-106.788
137.634
222.642
player_jump_5
1
-76.6333
-108.529
139.15
358.214
player_jump_5
4
-77.3565
-104.773
137.634
218.612
player_jump_6
1
-76.6333
-108.529
139.15
358.214
player_jump_6
4
-77.3565
-104.773
135.625
221.634
player_roll_1
1
-47.4417
85.3
123.908
164.029
player_roll_1
4
-47.2176
74.5498
120.556
164.211
player_roll_2
1
-47.65
85.4
124.3
164.1
player_roll_2
4
-164.759
74.5498
286.319
86.6389
player_roll_3
1
-47.3917
85.3143
123.842
164.129
player_roll_3
4
-44.2037
89.6612
115.532
153.129
player_roll_4
1
-47.4167
85.9857
123.908
163.5
player_roll_4
4
-45.2084
83.6166
116.537
153.129
player_roll_5
1
-47.325
38.5429
123.958
210.871
player_roll_5
4
-40.1852
42.312
110.509
196.449
player_runAttack_1
1
-110.7
-10.2
201.65
259.686
player_runAttack_1
4
-97.4491
-6.04458
181.838
249.842
player_runAttack_1
3
-184.852
-28.208
371.713
98.7281
player_runAttack_2
1
-110.7
-10.2
201.65
259.686
player_runAttack_2
4
-97.4491
-6.04458
181.838
249.842
player_runAttack_3
1
-110.7
-10.2
201.65
259.686
player_runAttack_3
4
-97.4491
-6.04458
181.838
249.842
player_runAttack_4
1
-110.7
-10.2
201.65
259.686
player_runAttack_4
4
-97.4491
-6.04458
181.838
249.842
player_runAttack_4
3
-160.741
-10.0743
355.639
56.416
player_runAttack_5
1
-110.7
-10.2
201.65
259.686
player_runAttack_5
4
-97.4491
-6.04458
181.838
249.842
player_runAttack_6
1
-110.7
-10.2
201.65
259.686
player_runAttack_6
4
-97.4491
-6.04458
181.838
249.842
player_run_1
1
-110.975
-10.1714
201.833
259.657
player_run_1
4
-97.4491
-3.02229
179.829
246.82
player_run_2
1
-110.975
-10.1714
201.833
259.657
player_run_2
4
-97.4491
-3.02229
179.829
246.82
player_run_3
1
-110.975
-10.1714
201.833
259.657
player_run_3
4
-97.4491
-3.02229
179.829
246.82
player_run_4
1
-110.975
-10.1714
201.833
259.657
player_run_4
4
-97.4491
-3.02229
179.829
246.82
player_run_5
1
-110.975
-10.1714
201.833
259.657
player_run_5
4
-97.4491
-3.02229
179.829
246.82
player_run_6
1
-110.975
-10.1714
201.833
259.657
player_run_6
4
-97.4491
-3.02229
179.829
246.82
