1
199
1.55
40
-5288.47
2085.92
spring_cliff_3
1
180
1.3
40
-4568.47
2589.92
spring_cliff_3
1
180
1.35
40
-4052.47
2295.92
spring_cliff_3
1
180
1.3
40
-3470.47
2595.92
spring_cliff_3
0
0
1
15
-2678.47
1467.92
beach_ground_1
1
172
1.7
40
-2642.47
2361.92
spring_cliff_3
1
155
1.25
40
-1817.47
2298.92
spring_cliff_3
1
153
1.3
40
-1457.47
1764.92
spring_cliff_3
0
0
1
15
-1192.22
832.418
beach_ground_1
1
156.5
1.15
40
-825.01
1859.16
spring_cliff_3
1
158
1.3
40
-587.469
1374.92
spring_cliff_3
0
-6.5
0.85
12
-317.991
-26.9174
bamboo_1
1
164.5
1
40
-240.343
1835.16
spring_cliff_3
1
180
1.15
40
96.5313
1134.92
spring_cliff_3
0
-2
1
36
182.01
-7.91738
bamboo_1
1
180
1.15
35
428.557
1810.43
spring_cliff_3
1
3
1.2
12
662.009
-8.91736
bamboo_1
1
189.5
1.6
35
1026.06
1480.43
spring_cliff_3
1
5
1
36
1117.01
-127.917
bamboo_1
0
-2
1.45
12
1323.01
-381.917
bamboo_1
0
0
1
35
1599.66
515.163
spring_ground_1
0
-7.5
1
12
1888.01
-116.917
bamboo_1
1
174
1.85
35
2441.06
1700.43
spring_cliff_3
1
180
0.85
36
2512.01
-582.917
bamboo_1
0
3.5
1
12
3058.01
-231.917
bamboo_1
0
0
1
35
3292.06
96.7634
spring_ground_3
1
172.5
0.75
36
3597.01
-657.917
bamboo_1
0
3
1
12
3883.01
-581.917
bamboo_1
1
180
2.2
35
4021.06
1800.43
spring_cliff_3
0
0
1
35
4229.06
644.763
spring_ground_2
1
177.5
0.9
36
4327.01
-22.9174
bamboo_1
0
7.5
1
12
4543.01
108.083
bamboo_1
1
167.5
1.25
40
5196.42
1276.06
spring_cliff_3
1
-7.5
1
12
5293.01
-46.9173
bamboo_1
1
230
1
40
5442.42
1216.06
spring_cliff_3
0
360
0.2
9
5938.9
821.544
spring_cliff_3
1
180
0.9
40
5952.42
1444.06
spring_cliff_3
0
0
0.65
15
5962.92
158.56
bridge_1_back
0
0
0.65
40
6013.92
164.56
bridge_1_front
1
-13.5
0.4
9
6295.9
851.544
spring_cliff_3
1
114.5
1.1
40
6732.42
1078.06
spring_cliff_3
0
0
1
15
7015.62
-495.981
spring_tree_2
1
184
1.2
39
7162.9
1154.54
spring_cliff_3
0
0
1.2
15
7674.77
-49.0473
toriiGate_1_back
0
0
1.2
40
7766.77
-13.0473
toriiGate_1_front
0
0
1
15
7846.77
410.953
spring_ground_1
1
180
1.55
39
8239.9
1436.54
spring_cliff_3
0
0
1.55
30
8582.62
471.52
spring_rock_1
0
0
2.15
13
8923.62
-695.981
spring_tree_1
1
360
4.05
30
9581.62
482.519
spring_rock_1
0
9
1.2
0
10016.3
-30.5362
spring_background_1
1
180
2.6
7
10196.1
2418.62
spring_cliff_3
0
0
0.7
11
10819.9
554.265
spring_tree_2
0
-2
1
20
11185.6
1129.19
spring_cliff_2
1
-16
1.05
11
11482.7
197.598
spring_tree_1
1
214.5
1.2
40
12079.4
1940.09
spring_cliff_3
0
0
2.45
0
12400
392.88
spring_background_1
1
180
4.35
7
12416.1
3508.62
spring_cliff_3
0
0
1.75
10
12438.2
504.687
swamp_tree_3
1
180
0.75
40
12624.4
1970.09
spring_cliff_3
0
0
1.9
40
12700.4
-639.444
swamp_foliage_1
1
146.5
0.9
40
13114.4
1875.09
spring_cliff_3
1
0
1.35
15
13899.9
304.265
spring_tree_2
1
3.5
1.25
20
14396.3
1301.85
spring_cliff_2
1
180
2.8
17
15606.1
2908.62
spring_cliff_3
0
0
0.55
20
15700.8
1310.85
spring_log_1
0
0
2.6
11
15787.2
-310.402
spring_tree_1
1
180
5.4
7
15956.1
4148.62
spring_cliff_3
1
-18
0.65
20
16340.8
1174.85
spring_log_1
1
0
1.1
20
16461.3
611.853
spring_cliff_1
1
0
0.55
13
16924.8
902.853
spring_log_1
1
-72
0.45
13
17461.8
446.853
spring_log_1
0
0
2.9
0
17668.1
668.035
spring_background_1
1
180
2.75
17
18451.1
2778.62
spring_cliff_3
0
0
2.3
5
18644.1
281.035
spring_tree_2
0
-0.5
1.05
33
18831.3
594.268
spring_cliff_1
1
0
4.95
37
20075.4
2466.1
spring_rock_1
1
180
2.7
17
20221.1
4498.62
spring_cliff_3
0
0
1
8
21204.7
1372.21
bridge_2_back
0
0
1
35
21207.7
1372.21
bridge_2_front
0
0
2.3
0
21809.1
486.035
spring_background_1
1
154.5
1.5
38
22040.4
3195.1
spring_cliff_3
1
155.5
2.25
17
22156.1
3628.62
spring_cliff_3
0
0
1
20
22564.2
2084.71
spring_cliff_3
1
211.5
1.5
38
22679.4
3069.1
spring_cliff_3
1
196.5
1.7
17
22871.1
3258.62
spring_cliff_3
1
180
1.75
17
23706.1
4108.62
spring_cliff_3
1
180
1.2
38
23939.4
3297.1
spring_cliff_3
0
0
1
5
24028.2
1352.71
bridge_2_back
0
0
1
35
24041.2
1354.71
bridge_2_front
1
169.5
1.9
17
24581.1
3438.62
spring_cliff_3
1
158
1.4
38
25157.4
3171.1
spring_cliff_3
0
0
2.15
1
25350
775.276
spring_tree_2
1
0
1
35
25520.8
2097.51
spring_cliff_3
1
234
2.95
40
25636.5
4320.44
spring_cliff_3
1
-4
1.4
17
25686.1
2798.62
spring_cliff_3
0
0
0.55
7
26511.2
1898.54
swamp_foliage_2
0
28.5
1.75
10
26519.6
2161.74
swamp_tree_3
0
0
1
7
26547.9
2588.47
swamp_foliage_2
0
0
1.75
10
26682.9
932.318
swamp_foliage_2
0
0
1
36
27132.4
2578.25
lily_pad_2
1
0
1.95
10
27332.9
1216.27
swamp_foliage_2
1
174.5
2.55
40
27497.8
5621.39
spring_cliff_3
0
0
1
36
28171.6
2570.87
lily_pad_1
0
0
1
7
28497.9
2368.84
swamp_tree_2
0
0
2.45
10
29057.9
-537.615
swamp_foliage_2
0
0
1
36
29302.2
2577.11
lily_pad_1
1
187
2.5
40
29379.3
5668.11
spring_cliff_3
0
-13
0.75
7
29694.6
1636.43
swamp_foliage_2
0
0
4.35
10
29712.9
2339.62
swamp_tree_3
0
0
1
36
29987.7
2572.95
lily_pad_1
0
0
2.2
10
30021.2
-369.116
swamp_foliage_2
0
0
5.05
0
30252.9
1940.53
swamp_background_1
0
0
0.6
10
30457.9
1003.84
swamp_foliage_2
0
0
2.15
10
30917.9
-319.19
swamp_foliage_2
0
84
0.45
9
31127.9
2559.67
spring_log_1
1
180
2.7
40
31502
5869.19
spring_cliff_3
0
0
1
36
32193
2594.89
lily_pad_1
0
-10
4.85
10
32714.6
2706.71
swamp_tree_2
0
0
1
36
33262.4
2594.89
lily_pad_1
1
166
3.15
40
33756.9
5815.79
spring_cliff_3
0
0
1
36
33973.5
2588.65
lily_pad_1
0
0
3.45
8
34269
597.734
swamp_tree_1
1
-11.5
1.35
9
34307.9
1586.77
swamp_foliage_1
0
-24.5
1
7
34404.6
2164.03
swamp_tree_3
0
0
3.15
40
34950.6
3812.49
spring_cliff_3
1
0
1.6
7
35681.2
1945.61
swamp_tree_2
1
205.5
4.4
40
36715.6
6087.49
spring_cliff_3
0
0
5.3
0
39896.1
2054.86
swamp_background_1
1
176
3.7
40
40175.6
6427.49
spring_cliff_3
1
178.5
3.25
40
42985.6
6257.49
spring_cliff_3
0
-15
1
5
44042.6
2083.54
swamp_tree_2
0
0
2.9
40
44300.6
3767.49
spring_cliff_3
0
-6
0.85
5
44417.6
2566.49
swamp_tree_2
0
216
3.85
40
44700.6
5872.49
spring_cliff_3
0
0
5.1
5
44937.6
772.993
swamp_tree_2
0
34.5
1.75
36
45241.1
3049.47
spring_cliff_3
0
0
1
5
46228.4
11.8247
swamp_foliage_2
0
16
3.9
5
46295.6
2537.02
swamp_tree_3
0
0
2.35
5
46543.4
283.89
swamp_foliage_2
0
0
1
15
46802.4
905.178
swamp_foliage_1
0
0
1
15
47160.7
1342.03
swamp_foliage_1
0
0
1.1
36
47222.4
2696.69
lily_pad_2
0
0
1
15
47224.6
1022.19
swamp_foliage_1
0
0
1
40
47239.5
1580.75
swamp_foliage_1
0
0
2.15
5
47371.2
44.6628
swamp_foliage_2
0
0
1
15
47471.3
1324.02
swamp_foliage_1
0
0
1
40
47728.4
1588.55
swamp_foliage_1
0
0
1
15
47909.6
1322.46
swamp_foliage_1
0
0
2.6
5
47932.3
507.516
swamp_foliage_2
1
360
1.15
36
47985.7
2707.61
lily_pad_2
1
180
3.2
40
48060.6
6442.49
spring_cliff_3
0
0
1
15
48162.9
1370.82
swamp_foliage_1
0
0
1
40
48203.4
1598.95
swamp_foliage_1
0
0
1
15
48427.9
1143.04
swamp_foliage_1
0
0
1
15
48547.9
1358.34
swamp_foliage_1
0
0
1
40
48570.1
1591.15
swamp_foliage_1
0
0
1.5
5
48598.9
-2.14252
swamp_foliage_2
0
0
1
15
48736.3
881.775
swamp_foliage_1
0
0
1
5
48766.2
625.495
swamp_foliage_2
0
0
1.15
36
48869
2715.42
lily_pad_2
0
0
1
15
48919.6
1037.79
swamp_foliage_1
0
0
1
40
48964.5
1611.95
swamp_foliage_1
0
0
1
6
49027.3
594.291
swamp_foliage_2
0
0
1
15
49039.1
1251.02
swamp_foliage_1
0
0
1
15
49097.4
1393.19
swamp_foliage_1
1
0
2.25
5
49226.7
278.69
swamp_foliage_2
0
0
1
15
49283.5
845.371
swamp_foliage_1
0
0
1.9
5
49698.9
-106.154
swamp_foliage_2
1
-9.5
4.25
5
50027.2
2871.61
swamp_tree_3
0
0
5.35
0
50153.2
1931.51
swamp_background_1
0
0
1
6
50216.2
573.489
swamp_foliage_2
0
0
2.3
5
50332.3
143.474
swamp_foliage_2
1
172.5
2.85
40
50450.6
6192.49
spring_cliff_3
1
152.5
2.65
40
52335.6
6022.49
spring_cliff_3
0
0
4.7
42
52925.6
4537.49
spring_cliff_3
0
121
3.15
40
53335.6
4402.49
spring_cliff_3
