4
-3451
-898
-3451
-868
-3208.43
-859.618
-3207.4
-889.6
4
-3207.4
-889.6
-3208.43
-859.618
-3202.72
-759.822
-3173.8
-767.8
4
-3173.8
-767.8
-3202.72
-759.822
-3191.15
-543.505
-3161.2
-545.2
4
-3161.2
-545.2
-3191.15
-543.505
-3088.34
-483.746
-3077.2
-511.6
4
-3140.2
-301.6
-3167.34
-314.374
-3166
-28.1385
-3136
-28.6
4
-3136
-28.6
-3166
-28.1385
-3025.86
173.845
-3001.6
156.2
4
-3077.2
-511.6
-3088.34
-483.746
-3102.94
-442.529
-3073
-444.4
4
-3073
-444.4
-3102.94
-442.529
-3167.34
-314.374
-3140.2
-301.6
4
-3001.6
156.2
-3025.86
173.845
-2868.14
190.385
-2867.2
160.4
4
-2867.2
160.4
-2868.14
190.385
-2790.91
320.5
-2766.4
303.2
4
-2766.4
303.2
-2790.91
320.5
-2311.61
379.248
-2308.6
349.4
4
-2308.6
349.4
-2311.61
379.248
-1937.7
532.591
-1926.4
504.8
4
-1926.4
504.8
-1937.7
532.591
-1396.5
676.594
-1388.8
647.6
4
-1388.8
647.6
-1396.5
676.594
-1049.45
735.972
-1044.4
706.4
4
-1044.4
706.4
-1049.45
735.972
-1044.89
1049.18
-1015
1046.6
4
-1015
1046.6
-1044.89
1049.18
-986.445
1104.46
-968.8
1080.2
4
-985.6
1307
-1013.27
1295.4
-1009.59
1592.63
-979.6
1592
4
-979.6
1592
-1009.59
1592.63
-880.335
1750.4
-857.8
1730.6
4
-968.8
1080.2
-986.445
1104.46
-937.942
1124.85
-926.8
1097
4
-931
1176.8
-960.959
1175.22
-1013.27
1295.4
-985.6
1307
4
-926.8
1097
-937.942
1124.85
-960.959
1175.22
-931
1176.8
4
-857.8
1730.6
-880.335
1750.4
-710.727
1781.31
-706.6
1751.6
4
-706.6
1751.6
-710.727
1781.31
-687.464
1861.14
-660.4
1848.2
4
-660.4
1848.2
-687.464
1861.14
-629.083
1934.32
-605.8
1915.4
4
-605.8
1915.4
-629.083
1934.32
-135.663
2016.47
-131.2
1986.8
4
-131.2
1986.8
-135.663
2016.47
165.335
2124.26
175.4
2096
4
175.4
2096
165.335
2124.26
623.802
2205.35
629
2175.8
4
395.042
964.017
395.042
1086.1
686.306
1086.1
686.306
964.017
4
629
2175.8
623.802
2205.35
1241.58
2218.39
1242.2
2188.4
4
1242.2
2188.4
1241.58
2218.39
1719.43
2322.72
1725.8
2293.4
4
1725.8
2293.4
1719.43
2322.72
1982.06
2207.2
1969.4
2180
4
1969.4
2180
1982.06
2207.2
2212.8
1987.42
2192
1965.8
4
2192
1965.8
2212.8
1987.42
2391.37
1775.1
2368.4
1755.8
4
2368.4
1755.8
2391.37
1775.1
2533.01
1625.2
2511.2
1604.6
4
2511.2
1604.6
2533.01
1625.2
2692.53
1604.79
2687.6
1575.2
4
3594.6
1281.44
3594.6
1395.38
3864.12
1395.38
3864.12
1281.44
